-93  -51
-96  58
21  13
-74  -99
-37  30
-5  14
79  87
89  39
-30  55
64  45
92  -96
-43  61
21  14
-38  99
-77  2
-18  86
39  37
-74  21
85  -61
5  75
58  55
3  86
25  45
-21  -24
100  83
12  -14
-46  85
-9  -24
6  23
-92  -63
-94  -24
-34  13
50  -66
-74  26
-88  8
48  -22
-66  -56
84  26
-2  80
-4  -22
-46  89
60  -82
-83  85
-13  80
-69  -25
62  70
-93  100
-67  -80
-68  -44
48  79
-51  -78
5  15
-42  -29
-50  -77
97  24
-58  -93
17  39
44  -45
84  -11
-80  32
-51  67
-87  -28
-34  68
-12  20
54  -100
-6  -5
-54  -48
85  92
76  57
57  76
-83  51
62  -75
-39  -48
-83  23
36  58
26  8
13  -37
83  -38
32  -43
-99  39
-3  22
-11  15
-62  -76
-60  45
28  15
-3  -3
-53  -81
33  -83
51  -75
-2  69
60  -93
-33  91
58  7
-51  -36
-67  2
77  27
-88  49
24  -11
60  60
61  27
-41  -93
-78  29
-34  -44
-10  -98
-48  -78
-68  52
-57  -71
67  -100
15  0
16  -82
-2  9
-30  -54
-29  -19
25  -7
-61  -79
-10  -88
-1  80
-90  -88
47  46
-95  -5
-83  -30
-77  -33
-43  82
77  -34
26  12
-51  -2
50  -40
71  85
-82  89
54  -70
90  58
96  84
67  -69
-4  35
-38  53
-7  45
-7  -27
-92  12
63  88
3  -61
5  -7
-56  -26
6  -5
-78  51
-100  94
-72  -98
-70  -25
16  58
92  -52
-47  -17
-32  4
-87  14
31  100
-26  9
-77  54
91  -16
67  -52
-45  58
69  27
-99  -42
61  9
1  47
-38  -38
7  53
-19  73
100  -30
29  -100
-29  -17
56  -13
-52  -1
97  39
29  -15
-79  -44
63  65
-51  -60
39  52
-71  -93
-22  -93
-2  69
-12  25
44  -80
91  19
-13  -90
-82  -46
-93  -55
-2  41
29  78
-45  -48
76  -27
-99  34
38  -11
-1  93
34  -70
-98  60
-77  -96
-85  31
-19  -28
-64  -16
-7  -38
-60  47
7  -58
49  9
62  -30
45  8
26  13
50  22
27  -11
-99  -40
93  77
-44  87
-69  60
-13  58
84  -15
-16  -64
73  -33
72  -100
-28  28
-50  5
30  92
-80  -7
67  -38
30  -89
100  -69
-97  53
23  38
70  -6
-95  95
45  10
41  -29
-78  -51
-31  -1
0  73
12  -90
-87  -54
65  -18
41  75
78  -30
-95  -2
-64  -35
-1  85
-67  -41
-73  13
17  -71
-28  100
-65  25
-3  -61
-96  88
41  37
-70  -20
80  -38
-14  -48
-76  -73
-61  69
81  -15
-94  32
39  87
-71  51
-60  -21
-55  60
-96  79
41  -94
-26  24
-11  58
-42  -15
-66  77
-55  8
-87  73
-85  -43
-82  -52
-90  16
78  14
-93  24
98  -2
75  -39
40  -49
16  0
34  36
-10  -53
46  85
-27  32
11  -72
-60  56
61  -5
16  74
97  -31
90  34
5  -21
-63  -42
-61  -42
37  36
-26  25
-78  35
-34  -84
-93  70
-27  -92
-72  17
-57  -84
42  99
-75  -67
60  -82
-82  -38
56  15
-51  -40
-92  87
-71  -48
76  -95
86  88
91  89
-96  -91
-62  -31
-23  55
-70  81
-79  99
-25  -58
-88  75
-68  44
44  26
-4  -52
49  -44
36  -82
-58  71
-14  90
28  -97
19  -25
91  44
33  47
-53  9
-83  97
-94  3
11  11
-93  -34
-32  -68
-82  -77
34  39
-55  -62
-12  81
59  71
-96  -77
-67  16
65  23
-26  31
91  -82
68  17
69  58
79  24
-56  -41
99  -63
-67  -35
-15  100
43  -86
-26  46
68  -75
-64  -11
-91  -40
44  -76
13  84
-5  35
-43  21
26  -90
25  61
-6  21
-56  49
-33  67
41  63
78  54
32  20
-32  -13
27  -90
39  -90
36  -14
81  -93
-93  -66
-16  93
23  10
-3  79
51  -58
6  -71
97  -38
84  25
-48  54
25  -42
-38  19
41  37
61  32
14  10
40  -17
59  6
24  63
-41  -82
7  -44
42  85
63  40
65  -54
46  9
-81  28
-34  82
54  61
-69  -6
13  37
7  -15
-94  -78
45  -30
100  31
89  75
-51  86
-10  -52
-72  48
29  13
-89  -63
-20  -96
31  85
37  23
-29  69
-7  50
-11  3
-48  -6
-41  -54
100  -28
8  -34
70  -100
-37  42
-13  -96
-92  77
-54  55
88  48
22  -3
76  -49
-55  60
-6  -32
-72  -98
-23  -78
15  2
3  63
13  46
89  -37
-21  -16
8  -100
-38  -48
-58  36
60  60
-78  84
50  33
-2  -35
-69  95
-76  -2
80  95
73  -59
-30  71
67  100
-80  59
-70  -66
71  94
86  48
16  40
58  -41
67  50
-65  -82
73  4
44  29
68  -42
-43  80
-85  -20
62  -22
26  -28
-29  -24
-89  96
22  -33
50  -95
-11  -70
-2  -70
8  48
-96  -43
47  91
56  100
-56  10
81  -14
89  2
57  -66
38  -73
46  14
-69  64
19  67
-50  -76
51  32
-98  68
-98  15
9  79
-56  47
-32  25
94  -66
-66  -44
-67  47
98  22
70  -41
-32  39
-72  7
-42  20
20  91
-6  24
70  -15
15  60
65  98
0  -7
16  90
10  -9
44  -55
-71  71
35  -82
-32  59
61  68
-71  -54
18  87
45  -51
28  -87
-85  59
-71  11
99  -49
-36  -2
-16  -100
-16  -25
60  -53
94  -15
-43  -64
36  98
70  -95
88  86
88  37
-99  -99
-4  44
-89  -98
-14  -2
-94  60
-80  80
24  -37
92  83
-44  -70
19  -92
-24  -72
-82  92
31  5
-34  25
-63  72
98  80
13  35
-2  -41
76  37
-44  -37
-81  20
49  33
16  51
-87  -18
93  78
-32  -35
-35  62
26  56
-34  -25
25  -60
-45  95
-85  11
28  -27
31  11
65  -89
79  64
-68  85
39  84
44  -59
-47  23
-18  70
-3  73
95  96
-32  -85
20  68
-7  63
21  39
-9  -81
71  -77
76  -9
-19  -52
-94  -41
-54  -40
37  -47
-34  -67
8  -14
71  73
-31  55
-85  -41
-54  -79
24  53
19  53
-40  19
59  87
93  18
-95  -40
57  -15
71  92
16  88
-12  56
-18  -60
-41  26
45  -18
-45  8
-50  -1
40  96
42  24
48  48
-51  -45
-43  -57
-84  -99
81  51
70  77
-100  67
34  21
40  58
33  -95
-3  66
38  -3
20  93
48  -21
33  24
-1  -6
11  50
100  -2
9  -99
-21  -59
-38  54
-43  -96
34  57
-70  25
-93  95
1  -20
-11  0
12  52
19  -57
-1  85
-2  74
50  95
34  -62
65  -91
43  -65
-16  30
-99  42
-20  -46
-19  3
92  95
-71  -19
-75  -67
-97  86
-8  -19
-6  61
-44  -82
96  -39
-10  -29
49  49
50  73
-29  -8
62  -39
43  -58
-52  -60
-37  24
-57  -67
27  -12
-28  -35
6  -47
31  -48
-3  12
-7  -99
-4  -5
78  -7
-38  1
1  84
1  -16
5  59
-75  -39
24  -6
79  -6
-53  -26
99  64
64  84
51  0
41  56
58  33
-55  80
48  30
-6  50
90  69
7  -29
34  -8
33  -28
84  -23
-95  65
-61  -33
23  -42
67  21
54  -91
91  -3
-32  79
11  34
-21  -97
98  -90
78  -54
-70  3
98  -30
75  67
14  53
47  -79
39  -73
32  -40
-79  -44
20  -56
-47  -97
61  73
-2  -50
78  -13
16  57
91  27
-98  1
-18  18
54  -63
6  32
68  -20
-63  8
5  -40
-54  -38
41  -58
59  -13
-86  -69
7  -65
-25  -100
76  -57
-87  36
65  -41
95  62
-57  5
-1  -50
11  74
-54  -44
63  -82
-55  -21
-30  -72
28  31
71  -31
16  72
58  57
-32  92
20  5
74  -42
-57  48
-87  90
91  -87
-13  -92
-25  -51
55  99
-69  -8
-79  0
77  -20
-29  32
-61  -21
-92  31
40  81
-91  2
-89  -36
42  -47
-43  -2
67  -35
-91  -25
37  -83
63  -14
31  35
54  56
-32  69
-64  11
-10  93
-68  -28
-37  -64
69  17
-39  19
-50  61
-88  -24
16  91
-86  88
65  76
94  -80
-54  77
-33  -74
-78  -15
33  49
-88  83
76  63
-72  -17
-94  -68
-48  41
-72  62
-73  20
-84  0
-67  -34
47  -29
30  -20
52  59
-24  89
0  45
21  -65
36  27
61  31
34  -68
-12  -100
5  -31
4  -93
79  -40
36  32
34  11
17  47
-93  56
56  -86
-46  -96
13  50
95  -28
42  -68
13  96
-63  53
-71  -12
-36  91
74  39
25  -73
94  65
46  -50
-11  25
56  -84
-21  99
7  -18
-12  52
0  -37
86  33
54  65
-26  -25
-18  -83
67  51
-90  -8
60  -70
100  -14
-74  49
-57  97
48  68
-48  -82
-16  -26
-76  -54
67  -90
-26  -3
22  44
-63  91
44  4
-60  -42
-2  48
71  97
69  67
27  -55
-39  91
84  70
15  -12
89  -13
-97  68
45  47
74  98
76  95
21  -38
-55  40
-93  -65
34  80
-82  33
82  -22
-64  80
75  19
24  -94
39  -64
45  43
-59  1
-58  100
15  -12
18  61
-68  -40
25  46
-59  12
-10  -48
1  -35
56  -22
-20  84
58  28
28  4
-16  -82
-41  16
38  -76
87  30
-30  99
55  -58
56  71
63  71
35  86
-16  -31
66  41
52  50
-98  -21
-16  -88
-48  -17
-48  63
-36  74
-7  -79
34  -62
-11  93
81  9
-6  -43
95  6
83  67
91  -18
-90  -51
40  15
-90  -48
-25  33
-88  48
-95  33
6  -81
-76  32
87  -85
12  -2
15  -15
16  -95
39  -65
-27  -35
-99  -30
67  -41
-38  55
-28  -96
-27  49
44  74
-12  -73
-78  97
51  73
65  -24
-32  -64
-88  47
9  85
-22  -35
7  63
83  72
-78  -48
96  -45
-24  57
66  -34
-51  92
-82  -54
11  76
-28  95
32  -7
39  6
-25  -10
-5  43
-75  -92
-3  -93
99  -17
-40  67
41  -25
-53  37
-26  -6
58  63
33  -7
63  18
-15  66
-45  -15
-3  -94
-71  -52
36  -43
78  -28
8  -26
-50  -58
-91  23
75  -95
48  -45
31  -19
-19  -17
37  79
-89  46
-36  -28
99  -43
-79  -71
85  32
84  -70
56  -25
-73  24
-11  -56
-47  20
35  -44
57  -35
27  -19
7  81
7  -7
42  -71
-36  -93
-30  6
-57  64
65  -86
-85  -70
68  17
